Linux 3.13.0-74-generic (ip-172-31-15-156) 	02/29/2016 	_x86_64_	(4 CPU)

10:40:37 PM kbmemfree kbmemused  %memused kbbuffers  kbcached  kbcommit   %commit  kbactive   kbinact   kbdirty
10:40:38 PM  14967264    433684      2.82     13212    264372     57128      0.37    111768    183104      1168
10:40:39 PM  14967260    433688      2.82     13212    264420     57128      0.37    111980    183100       980
10:40:40 PM  14967260    433688      2.82     13212    264444     57128      0.37    111992    183112      1004
10:40:41 PM  14967136    433812      2.82     13220    264460     57128      0.37    112004    183124      1028
10:40:42 PM  14967136    433812      2.82     13220    264488     57128      0.37    112012    183144      1064
10:40:43 PM  14967168    433780      2.82     13220    264512     57128      0.37    112024    183152      1080
10:40:44 PM  14967168    433780      2.82     13220    264536     57128      0.37    112036    183164      1104
10:40:45 PM  14967292    433656      2.82     13220    264580     57128      0.37    112056    183188      1148
10:40:46 PM  14945172    455776      2.96     13240    277924     57128      0.37    132468    182680      5132
10:40:47 PM  14935372    465576      3.02     13248    287424     57128      0.37    178688    146108     15284
10:40:48 PM  14915980    484968      3.15     13248    306160     57128      0.37    187116    156424     34020
10:40:49 PM  14963052    437896      2.84     13260    264440     57128      0.37    149436    147888     52664
10:40:50 PM  14921124    479824      3.12     13300    302856     78628      0.51    172604    166508     37476
10:40:51 PM  14888080    512868      3.33     13308    328972     86740      0.56    179056    188988     50384
10:40:52 PM  14857232    543716      3.53     13328    361504     86740      0.56    183644    217424     37532
10:40:53 PM  14817328    583620      3.79     13344    397392     86740      0.56    188084    248988     43424
10:40:54 PM  14779100    621848      4.04     13364    433332     86740      0.56    192656    280048     40292
10:40:55 PM  14749576    651372      4.23     13392    466052     86740      0.56    196756    308420     37708
10:40:56 PM  14710372    690576      4.48     13420    502016     86740      0.56    201360    339700     37684
10:40:57 PM  14679936    721012      4.68     13424    520484    173740      1.13    226660    346000     37832
10:40:58 PM  14672536    728412      4.73     14376    526804    102912      0.67    228612    351164     37892
10:40:59 PM  14662388    738560      4.80     14776    532480    114540      0.74    237440    352220     37868
10:41:00 PM  14659368    741580      4.82     15680    534912    133768      0.87    236512    355300     38620
10:41:01 PM  14653144    747804      4.86     16844    539132    131396      0.85    238480    359600     38592
10:41:02 PM  14648800    752148      4.88     18180    542340    116328      0.76    239076    362624     36936
10:41:03 PM  14643592    757356      4.92     19756    545056    120988      0.79    239840    366532     37124
10:41:04 PM  14634852    766096      4.97     21664    549036    124448      0.81    241684    371520     38152
10:41:05 PM  14628588    772360      5.02     22256    556640    116248      0.75    243540    377512     37828
10:41:06 PM  14612272    788676      5.12     24312    566208    109796      0.71    247888    386916     39044
10:41:07 PM  14594188    806760      5.24     24336    579524    109796      0.71    264944    389264     47612
10:41:08 PM  14580932    820016      5.32     24336    592252    109796      0.71    275716    391436     60660
10:41:09 PM  14555524    845424      5.49     24364    616692    109796      0.71    285528    406324     38240
10:41:10 PM  14558416    842532      5.47     25544    619276    121476      0.79    279012    408268     38372
10:41:11 PM  14556136    844812      5.49     26600    620408    117168      0.76    279184    409740     38480
10:41:12 PM  14552620    848328      5.51     28132    622348    109928      0.71    278932    413888     37796
10:41:13 PM  14536636    864312      5.61     28772    637268     99860      0.65    283092    425508     37952
10:41:14 PM  14530472    870476      5.65     30440    641308    132300      0.86    284196    429796     38440
10:41:15 PM  14527840    873108      5.67     31804    642120    146180      0.95    284804    431868     38100
10:41:16 PM  14520232    880716      5.72     33172    647808     95860      0.62    286196    437800     38468
10:41:17 PM  14479256    921692      5.98     33336    680948    106868      0.69    300156    464072     40056
10:41:18 PM  14458460    942488      6.12     34056    707028    108476      0.70    296324    487636     36332
10:41:19 PM  14450848    950100      6.17     35288    712556    145164      0.94    297404    493416     36788
10:41:20 PM  14441772    959176      6.23     36516    720012    107144      0.70    299340    499628     36820
10:41:21 PM  14403460    997488      6.48     37488    755968    121620      0.79    308956    527240     36936
10:41:22 PM  14379704   1021244      6.63     38692    775268    120024      0.78    312296    544512      3592
10:41:23 PM  14351748   1049200      6.81     38772    794476    105460      0.68    331648    553588      5656
10:41:24 PM  14341356   1059592      6.88     39268    811688    101416      0.66    331824    562148      3612
10:41:25 PM  14323804   1077144      6.99     40460    825708    111556      0.72    333960    576156      3936
10:41:26 PM  14311648   1089300      7.07     41580    835112     99624      0.65    336036    584460      4204
10:41:27 PM  14308776   1092172      7.09     42952    837092    118148      0.77    336156    587440      4624
10:41:28 PM  14281292   1119656      7.27     44420    860800    119644      0.78    342384    607268      4792
10:41:29 PM  14224556   1176392      7.64     45108    906968    124656      0.81    363064    635276     10280
10:41:30 PM  14209720   1191228      7.73     46716    924384    130248      0.85    365784    649188      5836
10:41:31 PM  14198644   1202304      7.81     49440    931360    132132      0.86    369568    656040      6564
10:41:32 PM  14164140   1236808      8.03     50232    955036    139244      0.90    384740    674048     12672
10:41:33 PM  14161716   1239232      8.05     53700    961736    125388      0.81    379700    681320      3136
10:41:34 PM  14140060   1260888      8.19     55048    980492    110640      0.72    384080    696876      3288
10:41:35 PM  14126684   1274264      8.27     56848    988852    118520      0.77    387844    703764      3500
10:41:36 PM  14115284   1285664      8.35     59088    996552    110060      0.71    391168    710484      4492
10:41:37 PM  14081584   1319364      8.57     61100   1022756    120704      0.78    398856    732124      5448
10:41:38 PM  14039336   1361612      8.84     63748   1060220    118484      0.77    420060    750700      6724
10:41:39 PM  14019352   1381596      8.97     65728   1076124    113396      0.74    430388    758516      7808
10:41:40 PM  13997576   1403372      9.11     67304   1093876    111540      0.72    441060    768972      8516
10:41:41 PM  13996056   1404892      9.12     67312   1094064    111480      0.72    445652    765056      8504
10:41:42 PM  13995516   1405432      9.13     67456   1093980    127476      0.83    449408    761768      8492
10:41:43 PM  13995200   1405748      9.13     67876   1095352    109400      0.71    450056    760828      8996
10:41:44 PM  13983708   1417240      9.20     68060   1106584    100452      0.65    453896    768632      9288
10:41:45 PM  13993704   1407244      9.14     70420   1108172     90944      0.59    451764    759796      9636
10:41:46 PM  13993700   1407248      9.14     70420   1108096     90944      0.59    452004    759952      9692
10:41:47 PM  13993712   1407236      9.14     70420   1108152     90944      0.59    452148    760172      8764
10:41:48 PM  13992352   1408596      9.15     72700   1107832     86372      0.56    454752    758428      9084
10:41:49 PM  13989392   1411556      9.17     74708   1108504     98268      0.64    457156    758508      9348
10:41:50 PM  13987904   1413044      9.18     76620   1108684     81936      0.53    458800    759024      9436
10:41:51 PM  13984648   1416300      9.20     78760   1108496     96860      0.63    460700    759912      9544
10:41:52 PM  13970852   1430096      9.29     80656   1108080    129896      0.84    472532    758452      9872
10:41:53 PM  13968248   1432700      9.30     81264   1110320    128184      0.83    475828    757696     11836
10:41:54 PM  13945964   1454984      9.45     81452   1116324    127588      0.83    499060    756584     17920
10:41:55 PM  13951204   1449744      9.41     81992   1121616    157888      1.03    494008    754968     24268
10:41:56 PM  13957528   1443420      9.37     83300   1122636    135856      0.88    487536    754996     25052
10:41:57 PM  13930728   1470220      9.55     84552   1147968     96096      0.62    500848    768144     49796
10:41:58 PM  13900864   1500084      9.74     85072   1148304    520844      3.38    531264    764340     50168
10:41:59 PM  13911140   1489808      9.67     85216   1175712    102684      0.67    527548    763124     77012
10:42:00 PM  13903756   1497192      9.72     85532   1160412     84192      0.55    556340    740420     62024
10:42:01 PM  13927104   1473844      9.57     85852   1161712     82876      0.54    536256    737196     63248
10:42:02 PM  13902024   1498924      9.73     85852   1171920    100088      0.65    557576    737064     63720
10:42:03 PM  13876760   1524188      9.90     85852   1193816     96200      0.62    580692    737032     85464
10:42:04 PM  13822372   1578576     10.25     85852   1209796    115724      0.75    638900    737044    101444
10:42:05 PM  13783036   1617912     10.51     86080   1287740     84900      0.55    596752    815152    131812
10:42:06 PM  13754624   1646324     10.69     86228   1314300     70368      0.46    689720    750540    156856
10:42:07 PM  13751216   1649732     10.71     86228   1314512     70368      0.46    693904    749040    156796
10:42:08 PM  13758812   1642136     10.66     86232   1314660     83856      0.54    685576    748908    156944
10:42:09 PM  13744424   1656524     10.76     86232   1314612     89440      0.58    700800    748864    157008
10:42:10 PM  13724272   1676676     10.89     86244   1314712    104864      0.68    721028    748380    157836
10:42:11 PM  13750176   1650772     10.72     86244   1314752     75992      0.49    694532    748408    157860
10:42:12 PM  13659180   1741768     11.31     86264   1314840    171224      1.11    789664    744700    157996
10:42:13 PM  13601416   1799532     11.68     86264   1315060    218672      1.42    847012    744812    158120
10:42:14 PM  13578364   1822584     11.83     86264   1315640    252332      1.64    869708    745304    158700
10:42:15 PM  13671776   1729172     11.23     86264   1316968    147772      0.96    783944    737360    159900
10:42:16 PM  13579168   1821780     11.83     86264   1317140    244000      1.58    876564    737356    160072
10:42:17 PM  13511784   1889164     12.27     86264   1317060    309884      2.01    943788    737356    160268
10:42:18 PM  13466400   1934548     12.56     86264   1317080    360180      2.34    989328    737380    160096
10:42:19 PM  13462464   1938484     12.59     86264   1317208    360180      2.34    993180    737492    160224
10:42:20 PM  13447336   1953612     12.69     86264   1317704    377156      2.45   1007608    737984    160720
10:42:21 PM  13426688   1974260     12.82     86268   1318092    393844      2.56   1028956    738372    161112
10:42:22 PM  13455124   1945824     12.63     86268   1322324    368264      2.39    996468    742524    164536
10:42:23 PM  13726456   1674492     10.87     86268   1320712     82488      0.54    726712    740512    163052
10:42:24 PM  13627488   1773460     11.52     86268   1320732    195364      1.27    825928    740524    163072
10:42:25 PM  13598588   1802360     11.70     86268   1321036    212388      1.38    854124    740680    163120
10:42:26 PM  13720620   1680328     10.91     86280   1322364     90668      0.59    729952    741968    164552
10:42:27 PM  13739192   1661756     10.79     86280   1323028     68036      0.44    707000    742352    150476
10:42:28 PM  13646916   1754032     11.39     86280   1323284    173636      1.13    803704    742612    150792
10:42:29 PM  13690744   1710204     11.10     86280   1324264    116980      0.76    759288    743500    151772
10:42:30 PM  13624652   1776296     11.53     86280   1324388    197004      1.28    825312    743624    151896
10:42:31 PM  13733464   1667484     10.83     86288   1326892     83472      0.54    717020    743692    152056
10:42:32 PM  13629412   1771536     11.50     86288   1325792    180836      1.17    817684    744932    115300
10:42:33 PM  13595716   1805232     11.72     86288   1326100    211788      1.38    851316    745216    115668
10:42:34 PM  13570280   1830668     11.89     86288   1326560    244088      1.58    876788    745648    116128
10:42:35 PM  13678300   1722648     11.19     86288   1328128    134320      0.87    767292    746980    117560
10:42:36 PM  13617616   1783332     11.58     86292   1328240    197976      1.29    828040    747208    117808
10:42:37 PM  13651720   1749228     11.36     86296   1328996    151940      0.99    793248    747956     14136
10:42:38 PM  13705920   1695028     11.01     86296   1329912    109760      0.71    738416    748688     15136
10:42:39 PM  13699080   1701868     11.05     86412   1367944     71476      0.46    753396    738416     52916
10:42:40 PM  13696404   1704544     11.07     86412   1371296     71476      0.46    769092    725956     56216
10:42:41 PM  13694232   1706716     11.08     86416   1373480     71476      0.46    776836    720168     58728
10:42:42 PM  13680604   1720344     11.17     86484   1375464     93676      0.61    769448    741224     60184
10:42:43 PM  13640384   1760564     11.43     86672   1441292     65212      0.42    743380    806064    125392
10:42:44 PM  13455744   1945204     12.63     87004   1621284     65212      0.42    907524    821424    304828
10:42:45 PM  13455612   1945336     12.63     87004   1621552     65212      0.42    907636    821792    305028
10:42:46 PM  13342228   2058720     13.37     87028   1622320    540196      3.51   1021536    820448    306396
10:42:47 PM  13123960   2276988     14.78     87028   1627900    934792      6.07   1242944    817668    310060
10:42:48 PM  13092628   2308320     14.99     87044   1632004    934792      6.07   1270228    815008    218144
10:42:49 PM  13433444   1967504     12.78     87048   1637392     47820      0.31    933408    812368    111152
10:42:50 PM  13366776   2034172     13.21     87060   1637164    473924      3.08   1001036    811240     66504
10:42:51 PM  13233208   2167740     14.08     87084   1641644    679232      4.41   1142732    808672     71000
10:42:52 PM  13082160   2318788     15.06     87104   1647448    949124      6.16   1297840    804760     18044
10:42:53 PM  12831060   2569888     16.69     87116   1652268   1433712      9.31   1550904    801700      1976
10:42:54 PM  13312164   2088784     13.56     87124   1653508    545472      3.54   1071484    800112      3836
10:42:55 PM  13101664   2299284     14.93     87124   1659684    938008      6.09   1277468    796768     10008
10:42:56 PM  12950228   2450720     15.91     87140   1665824    938008      6.09   1415108    793456     16148
10:42:57 PM  13349084   2051864     13.32     87148   1668720    479692      3.11   1040548    790872     19212
10:42:58 PM  13198812   2202136     14.30     87172   1672512    667436      4.33   1196544    788536      2828
10:42:59 PM  13042784   2358164     15.31     87184   1679080    941988      6.12   1332516    784212      9396
10:43:00 PM  13386128   2014820     13.08     87184   1683964    464292      3.01   1017576    780768     14576
10:43:01 PM  13207032   2193916     14.25     87196   1686548    669484      4.35   1179296    778568     16924
10:43:02 PM  13318048   2082900     13.52     87200   1689976    481304      3.13   1081164    776028     20352
10:43:03 PM  13166228   2234720     14.51     87224   1694604    671368      4.36   1236508    773404      3428
10:43:04 PM  13027032   2373916     15.41     87232   1699996    941940      6.12   1384856    770648      8820
10:43:05 PM  13250540   2150408     13.96     87244   1701584    545372      3.54   1159932    768984     10472
10:43:06 PM  13041948   2359000     15.32     87248   1707660    937920      6.09   1375256    766096     16536
10:43:07 PM  13316524   2084424     13.53     87268   1711232    493596      3.20   1103384    763376     20116
10:43:08 PM  13157680   2243268     14.57     87292   1714364    673068      4.37   1255108    761228      2948
10:43:09 PM  13003700   2397248     15.57     87300   1719516    945688      6.14   1420084    757984      8108
10:43:10 PM  13242628   2158320     14.01     87312   1721884    559240      3.63   1184276    755736     10500
10:43:11 PM  13029648   2371300     15.40     87316   1726788    938856      6.10   1377640    752500     15400
10:43:12 PM  13332740   2068208     13.43     87328   1732608    478512      3.11   1100272    749396     21484
10:43:13 PM  13156336   2244612     14.57     87348   1735008    688804      4.47   1277672    747092      3168
10:43:14 PM  13005052   2395896     15.56     87348   1740304    971540      6.31   1433504    743460      8464
10:43:15 PM  13320776   2080172     13.51     87368   1743024     68264      0.44   1118916    742636     11128
10:43:16 PM  13319304   2081644     13.52     87368   1744552     68264      0.44   1119096    743940     12648
10:43:17 PM  13317940   2083008     13.53     87368   1745896     68264      0.44   1119096    745284     13992
10:43:18 PM  13316184   2084764     13.54     87388   1747116     68264      0.44   1119120    746572      1732
10:43:19 PM  13315052   2085896     13.54     87388   1748220     68264      0.44   1119144    747540      2828
10:43:20 PM  13313316   2087632     13.56     87388   1749740     68264      0.44   1119144    748996      4348
10:43:21 PM  13311704   2089244     13.57     87388   1751356     68264      0.44   1119156    750620      5964
10:43:22 PM  13310588   2090360     13.57     87392   1752404     68264      0.44   1119176    751836      7012
10:43:23 PM  13308892   2092056     13.58     87400   1753916     68264      0.44   1119176    753348       632
10:43:24 PM  13307328   2093620     13.59     87404   1755520     68264      0.44   1119196    754816      2204
10:43:25 PM  13306040   2094908     13.60     87404   1756872     68264      0.44   1119208    756116      3556
10:43:26 PM  13304412   2096536     13.61     87404   1758220     68264      0.44   1119216    757476      4904
10:43:27 PM  13319056   2081892     13.52     87416   1744024     68424      0.44   1104440    758388      6080
10:43:28 PM  13317828   2083120     13.53     87428   1745076     68424      0.44   1104140    759456       720
10:43:29 PM  13316712   2084236     13.53     87428   1746212     68424      0.44   1104140    760576      1856
10:43:30 PM  13315660   2085288     13.54     87428   1747440     68424      0.44   1104140    761832      2748
10:43:31 PM  13314544   2086404     13.55     87428   1748644     68424      0.44   1104160    762976      3952
10:43:32 PM  13313460   2087488     13.55     87436   1749756     68424      0.44   1104160    764096      5072
10:43:33 PM  13311996   2088952     13.56     87444   1750976     68424      0.44   1104180    765300       236
10:43:34 PM  13310760   2090188     13.57     87444   1752112     68424      0.44   1104184    766432      1500
10:43:35 PM  13309644   2091304     13.58     87444   1753196     68424      0.44   1104208    767516      2584
10:43:36 PM  13308420   2092528     13.59     87444   1754400     68424      0.44   1104228    768696      3788
10:43:37 PM  13307056   2093892     13.60     87444   1755860     68424      0.44   1104228    770180      5252
10:43:38 PM  13305500   2095448     13.61     87464   1757212     68424      0.44   1104244    771536       628
10:43:39 PM  13304192   2096756     13.61     87464   1758660     68424      0.44   1104256    772964      1940
10:43:40 PM  13318088   2082860     13.52     87468   1744520     68424      0.44   1089100    774020      3312
10:43:41 PM  13316980   2083968     13.53     87472   1745636     68424      0.44   1088852    775372      4436
10:43:42 PM  13315864   2085084     13.54     87472   1746820     68424      0.44   1088856    776496      5604
10:43:43 PM  13314624   2086324     13.55     87492   1748060     68424      0.44   1088872    777736       728
10:43:44 PM  13313632   2087316     13.55     87496   1749116     68424      0.44   1088876    778796      1784
10:43:45 PM  13312516   2088432     13.56     87496   1750212     68424      0.44   1088896    779884      2880
10:43:46 PM  13311448   2089500     13.57     87496   1751352     68424      0.44   1088908    781036      3828
10:43:47 PM  13310332   2090616     13.57     87496   1752480     68424      0.44   1088920    782172      4956
10:43:48 PM  13308992   2091956     13.58     87504   1753628     68424      0.44   1088928    783300       476
10:43:49 PM  13307876   2093072     13.59     87508   1754784     68424      0.44   1088940    784432      1636
10:43:50 PM  13306764   2094184     13.60     87508   1755956     68424      0.44   1088948    785580      2676
10:43:51 PM  13305524   2095424     13.61     87508   1757112     68424      0.44   1088960    786764      3832
10:43:52 PM  13304300   2096648     13.61     87508   1758320     68424      0.44   1088972    787952      5040
10:43:53 PM  13302944   2098004     13.62     87516   1759488     68424      0.44   1088984    789084       376
10:43:54 PM  13319796   2081152     13.51     87520   1745096     68424      0.44   1070676    790176      1484
10:43:55 PM  13316208   2084740     13.54     87520   1746232     83576      0.54   1073604    791312      2660
10:43:56 PM  13315044   2085904     13.54     87520   1747884     83576      0.54   1073528    792916      4312
10:43:57 PM  13313788   2087160     13.55     87520   1749328     83576      0.54   1073540    794324      5756
10:43:58 PM  13311680   2089268     13.57     87536   1750588     83576      0.54   1073556    795652       484
10:43:59 PM  13310176   2090772     13.58     87536   1752084     83576      0.54   1073568    797176      1980
10:44:00 PM  13308780   2092168     13.58     87544   1753512     83576      0.54   1073576    798588      3408
10:44:01 PM  13307400   2093548     13.59     87544   1755056     83576      0.54   1073576    800100      4952
10:44:02 PM  13306268   2094680     13.60     87544   1756152     83576      0.54   1073600    801164      6048
10:44:03 PM  13305152   2095796     13.61     87552   1757520     83576      0.54   1073600    802452       416
10:44:04 PM  13303788   2097160     13.62     87552   1758896     83576      0.54   1073600    803852      1792
10:44:05 PM  13301988   2098960     13.63     87560   1760428     83576      0.54   1073620    805436      3032
10:44:06 PM  13315984   2084964     13.54     87560   1746404     67136      0.44   1058288    806744      4344
10:44:07 PM  13315148   2085800     13.54     87560   1748032     67136      0.44   1058304    808296      5972
10:44:08 PM  13313428   2087520     13.55     87572   1749308     67136      0.44   1058324    809636       328
10:44:09 PM  13311808   2089140     13.57     87572   1750860     67136      0.44   1058324    811204      1880
10:44:10 PM  13315940   2085008     13.54     87580   1746564     67136      0.44   1052628    812448      3148
10:44:11 PM  13314624   2086324     13.55     87580   1747928     67136      0.44   1052668    813792      4512
10:44:12 PM  13313312   2087636     13.56     87580   1749232     67136      0.44   1052788    815088      5816
10:44:13 PM  13311164   2089784     13.57     87600   1750604     67136      0.44   1052808    816436       484
10:44:14 PM  13310020   2090928     13.58     87600   1751868     67136      0.44   1052836    817880      1720
10:44:15 PM  13308564   2092384     13.59     87604   1753524     67136      0.44   1052836    819364      3380
10:44:16 PM  13307820   2093128     13.59     87608   1754548     67136      0.44   1052840    820368      4404
10:44:17 PM  13306952   2093996     13.60     87608   1755760     67136      0.44   1052872    821584      5616
10:44:18 PM  13305868   2095080     13.60     87616   1756724     67136      0.44   1052880    822544       432
10:44:19 PM  13314168   2086780     13.55     87620   1747460     67080      0.44   1042788    823844      1672
10:44:20 PM  13313724   2087224     13.55     87620   1748544     67080      0.44   1042404    824984      2756
10:44:21 PM  13312484   2088464     13.56     87628   1749788     67080      0.44   1042412    826052      4000
10:44:22 PM  13311600   2089348     13.57     87636   1750940     67080      0.44   1042420    827220      5152
10:44:23 PM  13310816   2090132     13.57     87648   1752048     67080      0.44   1042444    828308       928
10:44:24 PM  13309416   2091532     13.58     87648   1753196     67080      0.44   1042444    829440      1796
10:44:25 PM  13308300   2092648     13.59     87648   1754456     67080      0.44   1042464    830696      3056
10:44:26 PM  13307308   2093640     13.59     87652   1755284     67080      0.44   1042480    831488      3888
10:44:27 PM  13306316   2094632     13.60     87652   1756520     67080      0.44   1042492    832776      5120
10:44:28 PM  13314528   2086420     13.55     87660   1747220     82256      0.53   1031960    833872       720
10:44:29 PM  13313508   2087440     13.55     87660   1748380     82256      0.53   1032064    835076      1960
10:44:30 PM  13312152   2088796     13.56     87660   1749828     82256      0.53   1032076    836488      3408
10:44:31 PM  13310912   2090036     13.57     87672   1751320     82256      0.53   1032084    838016      4904
10:44:32 PM  13309532   2091416     13.58     87672   1752768     82256      0.53   1032100    839420      6348
10:44:33 PM  13308044   2092904     13.59     87684   1754016     82256      0.53   1032112    840776        72
10:44:34 PM  13307456   2093492     13.59     87684   1755168     82256      0.53   1032128    841836      1128
10:44:35 PM  13306092   2094856     13.60     87688   1756296     82256      0.53   1032140    842912      2260
10:44:36 PM  13304976   2095972     13.61     87692   1757404     82256      0.53   1032152    844040      3368
10:44:37 PM  13313604   2087344     13.55     87696   1748400     65620      0.43   1022040    845256      4596
10:44:38 PM  13312344   2088604     13.56     87708   1749564     65620      0.43   1021724    846616       220
10:44:39 PM  13311476   2089472     13.57     87708   1750676     65620      0.43   1021736    847748      1332
10:44:40 PM  13310488   2090460     13.57     87716   1751864     65620      0.43   1021752    848904      2528
10:44:41 PM  13309496   2091452     13.58     87720   1752944     65620      0.43   1021772    849968      3604
10:44:42 PM  13308380   2092568     13.59     87720   1754028     65620      0.43   1021784    851044      4684
10:44:43 PM  13307388   2093560     13.59     87728   1755140     65620      0.43   1021796    852184       296
10:44:44 PM  13306380   2094568     13.60     87728   1756300     65620      0.43   1021804    853320      1456
10:44:45 PM  13305124   2095824     13.61     87728   1757408     65620      0.43   1021816    854392      2564
10:44:46 PM  13303980   2096968     13.62     87736   1758616     65620      0.43   1021828    855640      3772
10:44:47 PM  13312844   2088104     13.56     87736   1749336     82404      0.54   1011376    856904      5092
10:44:48 PM  13310908   2090040     13.57     87744   1750816     82404      0.54   1011244    858284       416
10:44:49 PM  13309960   2090988     13.58     87748   1752100     82404      0.54   1011260    859672      1708
10:44:50 PM  13308580   2092368     13.59     87748   1753492     82404      0.54   1011260    861072      3100
10:44:51 PM  13306984   2093964     13.60     87752   1754964     82404      0.54   1011280    862536      4572
10:44:52 PM  13305620   2095328     13.61     87752   1756372     82404      0.54   1011280    863936      5980
10:44:53 PM  13302760   2098188     13.62     87756   1757868     82404      0.54   1011296    865400       472
10:44:54 PM  11159324   4241624     27.54     87760   1748656   3010704     19.55   3127668    865828       912
10:44:55 PM   9398920   6002028     38.97     87764   1749640   3987268     25.89   4908180    866580      2144
10:44:56 PM   9397928   6003020     38.98     87772   1750672   3987268     25.89   4909436    866360      3164
10:44:57 PM   9397076   6003872     38.98     87772   1751404   3987268     25.89   4910724    865800      3908
10:44:58 PM   9395756   6005192     38.99     87780   1752024   3987268     25.89   4912080    865028       728
10:44:59 PM   9395928   6005020     38.99     87784   1752592   3987268     25.89   4913480    864196      1200
10:45:00 PM   9395432   6005516     38.99     87784   1753132   3987268     25.89   4914900    863380      1740
10:45:01 PM   9394792   6006156     39.00     87792   1753700   3987268     25.89   4916564    862440      2308
10:45:02 PM   9394304   6006644     39.00     87792   1754200   3987268     25.89   4918084    861408      2816
10:45:03 PM   9393376   6007572     39.01     87796   1754752   3987268     25.89   4919312    860588       740
10:45:04 PM   9393212   6007736     39.01     87800   1755188   3987268     25.89   4920668    859704      1180
10:45:05 PM   9392916   6008032     39.01     87800   1755612   3987268     25.89   4922024    858768      1596
10:45:06 PM   9392528   6008420     39.01     87808   1756012   3987268     25.89   4923432    857772      2004
10:45:07 PM   9392016   6008932     39.02     87808   1756432   3987268     25.89   4924808    856804      2460
10:45:08 PM   9391628   6009320     39.02     87808   1756884   3987268     25.89   4926220    855808      2108
10:45:09 PM   9391068   6009880     39.02     87816   1757328   3987268     25.89   4927620    854868       488
10:45:10 PM   9390556   6010392     39.03     87816   1757764   3987268     25.89   4929096    853828       928
10:45:11 PM   9389936   6011012     39.03     87824   1758256   3987268     25.89   4930712    852832      1424
10:45:12 PM   9389068   6011880     39.04     87824   1759156   3987268     25.89   4931964    852336      2324
10:45:13 PM   9388696   6012252     39.04     87824   1759512   3987268     25.89   4933316    851340      2680
10:45:14 PM   9388484   6012464     39.04     87832   1759844   3987268     25.89   4934672    850344       600
10:45:15 PM   9388204   6012744     39.04     87832   1760216   3987268     25.89   4936028    849360       848
10:45:16 PM   9387956   6012992     39.04     87840   1760612   3987268     25.89   4937464    848348      1244
10:45:17 PM   9387572   6013376     39.05     87840   1761012   3987268     25.89   4938932    847296      1644
10:45:18 PM   9387200   6013748     39.05     87840   1761384   3987268     25.89   4940400    846216      2016
10:45:19 PM   9386844   6014104     39.05     87848   1761780   3987268     25.89   4941868    845116       700
10:45:20 PM   9386208   6014740     39.05     87848   1762312   3987268     25.89   4943280    844232      1232
10:45:21 PM   9385836   6015112     39.06     87856   1762636   3987268     25.89   4944680    843176      1556
10:45:22 PM   9385464   6015484     39.06     87856   1762996   3987268     25.89   4946180    842036      1916
10:45:23 PM   9385232   6015716     39.06     87856   1763356   3987268     25.89   4947444    841128      2276
10:45:24 PM   9384676   6016272     39.06     87864   1763744   3987268     25.89   4948856    840076       920
10:45:25 PM   9384148   6016800     39.07     87864   1764208   3987268     25.89   4950320    839096      1256
10:45:26 PM   9383744   6017204     39.07     87868   1764616   3987268     25.89   4951780    838032      1668
10:45:27 PM   9383124   6017824     39.07     87868   1765088   3987268     25.89   4953248    837036      2136
10:45:28 PM   9382628   6018320     39.08     87868   1765584   3987268     25.89   4954760    836028      2632
10:45:29 PM   9382380   6018568     39.08     87880   1765940   3987268     25.89   4956112    835080       888
10:45:30 PM   9381912   6019036     39.08     87884   1766272   3987268     25.89   4957528    834008      1124
10:45:31 PM   9381572   6019376     39.08     87892   1766636   3987268     25.89   4959040    832968      1488
10:45:32 PM   9381076   6019872     39.09     87892   1766996   3987268     25.89   4960348    831904      1848
10:45:33 PM   9380656   6020292     39.09     87892   1767416   3987268     25.89   4961756    830864      2268
10:45:34 PM   9380544   6020404     39.09     87900   1767744   3987268     25.89   4963072    829836       880
10:45:35 PM   9380032   6020916     39.09     87900   1768200   3987268     25.89   4964552    828848      1336
10:45:36 PM   9379604   6021344     39.10     87904   1768740   3987268     25.89   4966152    827820      1880
10:45:37 PM   9378860   6022088     39.10     87904   1769596   3987268     25.89   4967572    827228      2732
10:45:38 PM   9378568   6022380     39.10     87904   1769892   3987268     25.89   4968916    826220      3028
10:45:39 PM   9378196   6022752     39.11     87912   1770236   3987268     25.89   4970340    825124      1112
10:45:40 PM   9377792   6023156     39.11     87920   1770564   3987268     25.89   4971748    824060      1332
10:45:41 PM   9377420   6023528     39.11     87924   1770944   3987268     25.89   4973216    822956      1712
10:45:42 PM   9377048   6023900     39.11     87924   1771292   3987268     25.89   4974672    821892      2060
10:45:43 PM   9376536   6024412     39.12     87924   1771700   3987268     25.89   4976140    820800      1664
10:45:44 PM   9376372   6024576     39.12     87932   1772092   3987268     25.89   4977596    819744       384
10:45:45 PM   9375876   6025072     39.12     87932   1772460   3987268     25.89   4979000    818724       704
10:45:46 PM   9375752   6025196     39.12     87932   1772660   3987268     25.89   4980400    817492       904
10:45:47 PM   9375256   6025692     39.13     87932   1772924   3987268     25.89   4981812    816340      1176
10:45:48 PM   9375008   6025940     39.13     87932   1773172   3987268     25.89   4983276    815120      1424
10:45:49 PM   9374760   6026188     39.13     87940   1773436   3987268     25.89   4984800    813900       528
10:45:50 PM   9374420   6026528     39.13     87940   1773692   3987268     25.89   4986256    812676       632
10:45:51 PM   9373924   6027024     39.13     87944   1774008   3987268     25.89   4987676    811580       948
10:45:52 PM   9373676   6027272     39.14     87944   1774240   3987268     25.89   4989064    810440      1180
10:45:53 PM   9373428   6027520     39.14     87944   1774472   3987268     25.89   4990464    809264      1412
10:45:54 PM   9373180   6027768     39.14     87952   1774692   3987268     25.89   4991864    808088       472
10:45:55 PM   9372868   6028080     39.14     87952   1775000   3987268     25.89   4993408    806844       740
10:45:56 PM   9372620   6028328     39.14     87956   1775232   3987268     25.89   4994876    805624       976
10:45:57 PM   9372000   6028948     39.15     87956   1775852   3987268     25.89   4996376    804820      1592
10:45:58 PM   9371752   6029196     39.15     87956   1776076   3987268     25.89   4997732    803652      1816
10:45:59 PM   9371504   6029444     39.15     87964   1776276   3987268     25.89   4999144    802488       632
10:46:00 PM   9371192   6029756     39.15     87968   1776524   3987268     25.89   5000544    801308       772
10:46:01 PM   9370944   6030004     39.15     87972   1776744   3987268     25.89   5001952    800144       992
10:46:02 PM   9370696   6030252     39.16     87972   1776988   3987268     25.89   5003420    798924      1236
10:46:03 PM   9370324   6030624     39.16     87972   1777276   3987268     25.89   5004888    797704      1524
10:46:04 PM   9370080   6030868     39.16     87980   1777548   3987268     25.89   5006232    796648       668
10:46:05 PM   9369956   6030992     39.16     87980   1777772   3987268     25.89   5007596    795496       892
10:46:06 PM   9369708   6031240     39.16     87988   1778004   3987268     25.89   5008952    794388      1132
10:46:07 PM   9369460   6031488     39.16     87988   1778308   3987268     25.89   5010448    793228      1428
10:46:08 PM   9369088   6031860     39.17     87992   1778604   3987268     25.89   5011872    792108      1724
10:46:09 PM   9368716   6032232     39.17     88000   1778872   3987268     25.89   5013340    790888       832
10:46:10 PM   9368404   6032544     39.17     88000   1779152   3987268     25.89   5014748    789788      1112
10:46:11 PM   9368156   6032792     39.17     88008   1779364   3987268     25.89   5016160    788568      1324
10:46:12 PM   9368156   6032792     39.17     88008   1779580   3987268     25.89   5017572    787348      1540
10:46:13 PM   9367660   6033288     39.17     88008   1779828   3987268     25.89   5019184    785984      1096
10:46:14 PM   9367412   6033536     39.18     88016   1780072   3987268     25.89   5020504    784908       184
10:46:15 PM   9367164   6033784     39.18     88020   1780332   3987268     25.89   5022152    783524       444
10:46:16 PM   9366576   6034372     39.18     88028   1780888   3987268     25.89   5023464    782780      1060
10:46:17 PM   9366452   6034496     39.18     88028   1781112   3987268     25.89   5024808    781620      1276
10:46:18 PM   9366452   6034496     39.18     88028   1781304   3987268     25.89   5026216    780400      1468
10:46:19 PM   9365956   6034992     39.19     88036   1781476   3987268     25.89   5027672    779168       188
10:46:20 PM   9365800   6035148     39.19     88036   1781648   3987268     25.89   5029128    777888       408
10:46:21 PM   9365552   6035396     39.19     88040   1781900   3987268     25.89   5030616    776640       660
10:46:22 PM   9365428   6035520     39.19     88040   1782088   3987268     25.89   5031932    775496       848
10:46:23 PM   9029600   6371348     41.37     88320   2109012   3987268     25.89   5032788   1101536    327528
10:46:24 PM   8256348   7144600     46.39     89060   2855368   3987268     25.89   5033564   1847952    963560
10:46:25 PM   7672444   7728504     50.18     89632   3422624   3987268     25.89   5034208   2415172   1376312
10:46:26 PM   7213480   8187468     53.16     90088   3868372   3987268     25.89   5034736   2860888   1701132
10:46:27 PM   6898244   8502704     55.21     90396   4174748   3987268     25.89   5034912   3167508   1869844
10:46:28 PM   6697460   8703488     56.51     90600   4374988   3987268     25.89   5035288   3367504   1964296
10:46:29 PM   6491188   8909760     57.85     90804   4575932   3987268     25.89   5035560   3568232   2062672
10:46:30 PM   6299152   9101796     59.10     90992   4763076   3987268     25.89   5035700   3755288   2155788
10:46:31 PM   6195836   9205112     59.77     91100   4863256   3987268     25.89   5035940   3855624   2153696
10:46:32 PM   6093056   9307892     60.44     91200   4963200   3987268     25.89   5036048   3955608   2159404
10:46:33 PM   5990528   9410420     61.10     91296   5062888   3987268     25.89   5036168   4055316   2164960
10:46:34 PM   5898112   9502836     61.70     91388   5152448   3987268     25.89   5036292   4144848   2193016
10:46:35 PM   5823816   9577132     62.19     91464   5224504   3987268     25.89   5036376   4216688   2203716
10:46:36 PM   5757588   9643360     62.62     91532   5288432   3987268     25.89   5036452   4280672   2206032
10:46:37 PM   5697832   9703116     63.00     91596   5347032   3987268     25.89   5036460   4339012   2195408
10:46:38 PM   5641152   9759796     63.37     91648   5401832   3987268     25.89   5036600   4394052   2184508
10:46:39 PM   5585756   9815192     63.73     91704   5455920   3987268     25.89   5036660   4447992   2177064
10:46:40 PM   5531236   9869712     64.09     91756   5508936   3987268     25.89   5036736   4501140   2164412
10:46:41 PM   5482004   9918944     64.40     91812   5556376   3987268     25.89   5036792   4548692   2150836
10:46:42 PM   5431532   9969416     64.73     91864   5605628   3987268     25.89   5036816   4597760   2138724
10:46:43 PM   5381236  10019712     65.06     91912   5654796   3987268     25.89   5036884   4646460   2122000
10:46:44 PM   8887052   6513896     42.30     91948   5689104   1065348      6.92   1846048   4309748   2103096
10:46:45 PM   6013996   9386952     60.95     91948   5689212   3995040     25.94   7580132   1443364   2042256
10:46:46 PM   5334276  10066672     65.36     91956   5690600   4011432     26.05   8955320    773740   1970096
10:46:47 PM   5331964  10068984     65.38     91956   5692788   4011432     26.05   8958344    773220   1902944
10:46:48 PM   5330392  10070556     65.39     91968   5695684   4011432     26.05   8960920    773232   1832256
10:46:49 PM   5327296  10073652     65.41     91968   5698280   4011432     26.05   8964284    772880   1769452
10:46:50 PM   5323636  10077312     65.43     91980   5701084   4011432     26.05   8967316    772664   1698484
10:46:51 PM   5322188  10078760     65.44     91984   5704324   4011432     26.05   8967508    773036   1632576
10:46:52 PM   5318452  10082496     65.47     91988   5706664   4011432     26.05   8972968    772344   1573688
10:46:53 PM   5314960  10085988     65.49     91992   5709568   4011432     26.05   8974244    773068   1507176
10:46:54 PM   5312032  10088916     65.51     91996   5711956   3996380     25.95   8978564    771904   1436212
10:46:55 PM   5312308  10088640     65.51     92000   5714836   3996380     25.95   8976588    773108   1369668
10:46:56 PM   5296496  10104452     65.61     92004   5717748   4011456     26.05   8986496    771928   1275500
10:46:57 PM   9266124   6134824     39.83     92012   5686880     56456      0.37   5027160    772728   1218420
10:46:58 PM   9267564   6133384     39.82     92012   5686828     56456      0.37   5027016    772644   1149644
10:46:59 PM   9267424   6133524     39.83     92012   5686852     56456      0.37   5027036    772668   1077908
10:47:00 PM   9267600   6133348     39.82     92012   5686876     56456      0.37   5027048    772680   1013720
10:47:01 PM   9268244   6132704     39.82     92012   5686900     56456      0.37   5027056    772696    953296
10:47:02 PM   9267872   6133076     39.82     92016   5686920     56456      0.37   5027064    772696    887780
10:47:03 PM   9268040   6132908     39.82     92016   5686944     56456      0.37   5027076    772708    818944
10:47:04 PM   9269188   6131760     39.81     92016   5686944     56456      0.37   5027076    772708    753896
10:47:05 PM   9267200   6133748     39.83     92016   5686988     56456      0.37   5027088    772720    689648
10:47:06 PM   9268584   6132364     39.82     92016   5686988     56456      0.37   5027088    772720    628332
10:47:07 PM   9269096   6131852     39.81     92016   5687020     56456      0.37   5027108    772744    563508
10:47:08 PM   9267204   6133744     39.83     92016   5687036     56456      0.37   5027108    772744    491588
10:47:09 PM   9266968   6133980     39.83     92016   5687080     56456      0.37   5027120    772764    421972
10:47:10 PM   9268552   6132396     39.82     92016   5687080     56456      0.37   5027120    772764    353048
10:47:11 PM   9267668   6133280     39.82     92016   5687128     56456      0.37   5027144    772784    290268
10:47:12 PM   9268180   6132768     39.82     92020   5687136     56456      0.37   5027144    772784    222884
10:47:13 PM   9268760   6132188     39.82     92020   5687172     56456      0.37   5027156    772808    159948
10:47:14 PM   9268804   6132144     39.82     92020   5687172     56456      0.37   5027156    772808     85956
10:47:15 PM   9269344   6131604     39.81     92020   5687220     56456      0.37   5027180    772832     20616
10:47:16 PM  13269636   2131312     13.84     92064   1781844     71880      0.47   1131584    772836      4900
10:47:17 PM  13270352   2130596     13.83     92080   1781592     54268      0.35   1131272    772824     10984
10:47:18 PM  13268816   2132132     13.84     92092   1783104     66984      0.43   1132972    772844     16948
10:47:19 PM  13274824   2126124     13.81     92100   1781032     82136      0.53   1126916    773008     23064
10:47:20 PM  13278528   2122420     13.78     92116   1781188     80816      0.52   1122924    772892     27992
10:47:21 PM  13267856   2133092     13.85     92148   1782440     77720      0.50   1132148    772956      5396
10:47:22 PM  13289400   2111548     13.71     92176   1772276     62432      0.41   1122112    763148      8500
10:47:23 PM  13300812   2100136     13.64     92204   1760696     62432      0.41   1122124    751624     12552
10:47:24 PM  13210948   2190000     14.22     92204   1848452     62432      0.41   1210460    751236    100308
10:47:25 PM  13091364   2309584     15.00     92536   1967320     77520      0.50   1294004    786860    204544
10:47:26 PM  12942308   2458640     15.96     92696   2111504     77520      0.50   1333684    891276    302172
10:47:27 PM  12917468   2483480     16.13     92924   2134464     61800      0.40   1343492    905652    325920
10:47:28 PM  12906988   2493960     16.19     92952   2135104     81608      0.53   1351320    905788    326020
10:47:29 PM  12843756   2557192     16.60     92952   2135240    144524      0.94   1416872    905804    326452
10:47:30 PM  12900192   2500756     16.24     92952   2138240     72044      0.47   1360344    906160    326216
10:47:31 PM  12912548   2488400     16.16     92956   2137996     68528      0.44   1345916    907612    164936
10:47:32 PM  12834344   2566604     16.67     92964   2137404    152616      0.99   1425428    907584    161264
10:47:33 PM  12806280   2594668     16.85     92964   2137860    168720      1.10   1453060    908000    161760
10:47:34 PM  12891872   2509076     16.29     92964   2139656     99016      0.64   1365460    909448    163332
10:47:35 PM  12841852   2559096     16.62     92964   2139664    147880      0.96   1414996    909624    163548
10:47:36 PM  12896984   2503964     16.26     92964   2140956     83524      0.54   1355020    910432    164848
10:47:37 PM  12871024   2529924     16.43     92976   2144080    102372      0.66   1389936    905664    167544
10:47:38 PM  12869488   2531460     16.44     92976   2144520    104572      0.68   1391104    906272    168312
10:47:39 PM  12896760   2504188     16.26     92976   2145388     71476      0.46   1363224    906160    169164
10:47:40 PM  12836500   2564448     16.65     92976   2146496    135500      0.88   1424680    905848    170172
10:47:41 PM  12843556   2557392     16.61     92976   2148376    121028      0.79   1416632    905904    172176
10:47:42 PM  12838924   2562024     16.64     92980   2149292    137032      0.89   1421336    906612    173080
10:47:43 PM  12811288   2589660     16.81     92980   2149600    154004      1.00   1447864    906896    173392
10:47:44 PM  12839116   2561832     16.63     92980   2152212    133888      0.87   1421148    905992    175988
10:47:45 PM  12835184   2565764     16.66     92984   2161800    120336      0.78   1418004    913136    185564
10:47:46 PM  12794192   2606756     16.93     92984   2161928    166676      1.08   1458440    913080    185660
10:47:47 PM  12768800   2632148     17.09     92992   2162348    198760      1.29   1483676    913460    182516
10:47:48 PM  12885080   2515868     16.34     92992   2162728     76008      0.49   1367668    913024    183132
10:47:49 PM  12818504   2582444     16.77     92996   2163024    139204      0.90   1435028    912568    183204
10:47:50 PM  12831252   2569696     16.69     92996   2164012    125724      0.82   1421084    913324    184180
10:47:51 PM  12793872   2607076     16.93     92996   2164264    157872      1.03   1458504    913552    184432
10:47:52 PM  12846312   2554636     16.59     93000   2165772    111040      0.72   1404736    914592    185664
10:47:53 PM  12797804   2603144     16.90     93000   2165760    156476      1.02   1452480    914836    185944
10:47:54 PM  12767264   2633684     17.10     93000   2166092    187540      1.22   1483292    915232    186276
10:47:55 PM  12815804   2585144     16.79     93000   2167908    143560      0.93   1433552    916848    188092
10:47:56 PM  12782280   2618668     17.00     93000   2168120    176280      1.14   1466372    917060    188304
10:47:57 PM  12759808   2641140     17.15     93000   2168492    192640      1.25   1488500    917404     32772
10:47:58 PM  12730916   2670032     17.34     93000   2170868    225408      1.46   1515032    919724     35152
10:47:59 PM  12813148   2587800     16.80     93000   2170616    143240      0.93   1433348    919324     34692
10:48:00 PM  12830220   2570728     16.69     93000   2171576    126192      0.82   1415284    920216     35748
10:48:01 PM  12865392   2535556     16.46     93008   2172632     77600      0.50   1378940    921104     36788
10:48:02 PM  12849504   2551444     16.57     93012   2173536     94496      0.61   1394392    921760     35304
10:48:03 PM  12835996   2564952     16.65     93016   2174064    111320      0.72   1407432    922160     35756
10:48:04 PM  12813424   2587524     16.80     93016   2174404    143084      0.93   1429660    922492     36272
10:48:05 PM  12791860   2609088     16.94     93016   2178968    156972      1.02   1460776    912576     40836
10:48:06 PM  12765360   2635588     17.11     93016   2179316    188248      1.22   1486928    912924     41184
10:48:07 PM  12732704   2668244     17.33     93016   2179432    203752      1.32   1520464    913008     35408
10:48:08 PM  12795824   2605124     16.92     93016   2181220    149108      0.97   1455148    914660     37280
10:48:09 PM  12758940   2642008     17.15     93016   2181640    181308      1.18   1491316    914964     37428
10:48:10 PM  12729612   2671336     17.35     93016   2181972    213152      1.38   1520460    915296     37760
10:48:11 PM  12840280   2560668     16.63     93016   2187316     86852      0.56   1412652    912460     42948
10:48:12 PM  12782164   2618784     17.00     93020   2187536    149792      0.97   1470684    912776     37980
10:48:13 PM  12751600   2649348     17.20     93020   2187784    180416      1.17   1500700    913228     38200
10:48:14 PM  12822140   2578808     16.74     93020   2193264    106928      0.69   1429908    912856     43332
10:48:15 PM  12777088   2623860     17.04     93020   2193408    154996      1.01   1474584    913068     43568
10:48:16 PM  12789660   2611288     16.96     93020   2194136    128376      0.83   1461416    913660     44920
10:48:17 PM  12739756   2661192     17.28     93032   2194508    193564      1.26   1511448    913920     32736
10:48:18 PM  12710864   2690084     17.47     93032   2194960    209028      1.36   1539476    914372     33188
10:48:19 PM  12685336   2715612     17.63     93032   2195372    239880      1.56   1564488    914740     33592
10:48:20 PM  12841388   2559560     16.62     93032   2197792     73908      0.48   1406780    916784     35936
10:48:21 PM  12841284   2559664     16.62     93036   2202540     89140      0.58   1411304    912888     40628
10:48:22 PM  12743220   2657728     17.26     93044   2202552    170784      1.11   1509136    912780     37096
10:48:23 PM  12714912   2686036     17.44     93044   2202880    203440      1.32   1536604    913136     37536
10:48:24 PM  12687136   2713812     17.62     93044   2203252    235636      1.53   1564160    913508     37908
10:48:25 PM  12659204   2741744     17.80     93044   2203588    267684      1.74   1591636    913824     38244
10:48:26 PM  12779464   2621484     17.02     93044   2209888    137648      0.89   1473208    912820     44536
10:48:27 PM  12746048   2654900     17.24     93048   2210252    168112      1.09   1505164    913164     42568
10:48:28 PM  12800420   2600528     16.89     93048   2215224    114048      0.74   1451136    912976     47496
10:48:29 PM  12741672   2659276     17.27     93048   2215400    178184      1.16   1509832    913160     47684
10:48:30 PM  12705952   2694996     17.50     93048   2215852    210720      1.37   1545392    913412     48136
10:48:31 PM  12804060   2596888     16.86     93052   2230116     92332      0.60   1439520    920124     50288
10:48:32 PM  12744040   2656908     17.25     93060   2222300    173932      1.13   1507472    913028     47984
10:48:33 PM  12711336   2689612     17.46     93060   2222664    205560      1.33   1539660    913396     48460
10:48:34 PM  12795800   2605148     16.92     93060   2236628    109816      0.71   1449336    919060     50652
10:48:35 PM  12735676   2665272     17.31     93060   2228764    174900      1.14   1515604    913032     54564
10:48:36 PM  12703148   2697800     17.52     93060   2229184    205464      1.33   1547756    913452     54984
10:48:37 PM  12673752   2727196     17.71     93060   2229596    235788      1.53   1576700    913828     50208
10:48:38 PM  12741368   2659580     17.27     93060   2235712    143104      0.93   1510128    913192     56112
10:48:39 PM  12708468   2692480     17.48     93060   2235880    189540      1.23   1542244    913544     56364
10:48:40 PM  12677652   2723296     17.68     93060   2236340    219960      1.43   1572764    913756     56824
10:48:41 PM  12768576   2632372     17.09     93060   2242408    112316      0.73   1482444    913076     62892
10:48:42 PM  12712228   2688720     17.46     93064   2242564    175256      1.14   1539172    913236     55016
10:48:43 PM  12680960   2719988     17.66     93064   2243024    207216      1.35   1570584    913652     55460
10:48:44 PM  12792956   2607992     16.93     93064   2255900     81240      0.53   1447320    923304     57812
10:48:45 PM  12732028   2668920     17.33     93064   2249428    146284      0.95   1518320    913492     61812
10:48:46 PM  12700756   2700192     17.53     93064   2249796    178832      1.16   1549488    913656     62232
10:48:47 PM  12748724   2652224     17.22     93068   2253480    116364      0.76   1502332    913352     58576
10:48:48 PM  12707516   2693432     17.49     93076   2253580    164208      1.07   1542780    913412     58900
10:48:49 PM  12777084   2623864     17.04     93076   2256812     97956      0.64   1472680    913876     58760
10:48:50 PM  12785156   2615792     16.98     93160   2263220     67140      0.44   1463440    915268     68560
10:48:51 PM  12779928   2621020     17.02     93176   2264276     78924      0.51   1467676    915964     68780
10:48:52 PM  12779436   2621512     17.02     93204   2264460     72764      0.47   1471072    913148     60816
10:48:53 PM  12767668   2633280     17.10     93224   2264840     51568      0.33   1478904    912776     61352
10:48:54 PM  12730876   2670072     17.34     93224   2265204     95616      0.62   1520288    912744     61716
10:48:55 PM  12735260   2665688     17.31     93224   2265576     98072      0.64   1515220    913000     61764
10:48:56 PM  12759364   2641584     17.15     93224   2265744     67840      0.44   1491196    913068     62044
10:48:57 PM  12778764   2622184     17.03     93224   2266072     57068      0.37   1470912    913356     55208
10:48:58 PM  12682056   2718892     17.65     93228   2266056    155548      1.01   1568548    913312     55148
10:48:59 PM  12658092   2742856     17.81     93228   2266456    170600      1.11   1591540    913676     55584
10:49:00 PM  12632732   2768216     17.97     93228   2266860    200804      1.30   1616120    914080     55988
10:49:01 PM  12724428   2676520     17.38     93232   2267980    113060      0.73   1524024    915004     57036
10:49:02 PM  12776744   2624204     17.04     93232   2268876     56424      0.37   1470064    915644     46208
10:49:03 PM  12713144   2687804     17.45     93232   2272552    132404      0.86   1533784    916108     46200
10:49:04 PM  12607884   2793064     18.14     93232   2272792    247708      1.61   1638776    916232     46148
10:49:05 PM  12573752   2827196     18.36     93232   2273072    279636      1.82   1672392    916444     46428
10:49:06 PM  12548940   2852008     18.52     93232   2273432    295212      1.92   1696528    916804     46788
10:49:07 PM  12763292   2637656     17.13     93232   2275252     76308      0.50   1480696    918412     40888
10:49:08 PM  12667908   2733040     17.75     93232   2275500    171524      1.11   1576332    918592     41136
10:49:09 PM  12665140   2735808     17.76     93236   2276084    168480      1.09   1578432    919208     41708
10:49:10 PM  12728324   2672624     17.35     93236   2277184    104628      0.68   1514476    919960     42740
10:49:11 PM  12643752   2757196     17.90     93236   2277156    187636      1.22   1598628    920000     42832
10:49:12 PM  12678604   2722344     17.68     93236   2277964    155604      1.01   1563116    920700     30072
10:49:13 PM  12739972   2660976     17.28     93240   2278816     81056      0.53   1501220    921464     30824
10:49:14 PM  12732632   2668316     17.33     93240   2279368    106668      0.69   1508100    921812     31256
10:49:15 PM  12628184   2772764     18.00     93240   2279196    206128      1.34   1612160    921800     31288
10:49:16 PM  12595832   2805116     18.21     93240   2279464    238160      1.55   1644068    922060     31536
10:49:17 PM  12743736   2657212     17.25     93240   2281128     82576      0.54   1495320    923472     22304
10:49:18 PM  12631028   2769920     17.99     93240   2281232    206752      1.34   1607672    923564     22380
10:49:19 PM  12600672   2800276     18.18     93244   2281384    238860      1.55   1637336    923792     22644
10:49:20 PM  12575748   2825200     18.34     93244   2281656    255328      1.66   1662180    924064     22916
10:49:21 PM  12685760   2715188     17.63     93244   2283100    133684      0.87   1551192    925324     24360
10:49:22 PM  12668056   2732892     17.74     93244   2283404    151276      0.98   1568672    925452     14352
10:49:23 PM  12678464   2722484     17.68     93244   2283760    156336      1.02   1558244    926012     15056
10:49:24 PM  12623696   2777252     18.03     93252   2284040    203288      1.32   1612952    926104     15180
10:49:25 PM  12591952   2808996     18.24     93252   2286324    234668      1.52   1641556    928292     17496
10:49:26 PM  12753976   2646972     17.19     93256   2293288     81664      0.53   1499172    909572     24444
10:49:27 PM  12752824   2648124     17.19     93272   2293316     58492      0.38   1499680    909436     23584
10:49:28 PM  12739292   2661656     17.28     93272   2294048     58928      0.38   1513464    910036     24252
10:49:29 PM  12740908   2660040     17.27     93272   2297544     72916      0.47   1509956    911424     27888
10:49:30 PM  12735176   2665772     17.31     93272   2302880     88380      0.57   1511332    915376     33144
10:49:31 PM  12730196   2670752     17.34     93272   2308144     69464      0.45   1512344    919480     38440
10:49:32 PM  12727592   2673356     17.36     93272   2313156     84816      0.55   1510860    923408     41408
10:49:33 PM  12720836   2680112     17.40     93292   2317556     65892      0.43   1514900    926480     45620
10:49:34 PM  12716772   2684176     17.43     93324   2321656     80080      0.52   1515884    929460     26104
10:49:35 PM  11674160   3726788     24.20     93448   2368404   9269596     60.19   2528204    919288     72324
10:49:36 PM   3498372  11902576     77.28     93448   2368440   9269596     60.19  10731816    912520     72360
10:49:37 PM   3496908  11904040     77.29     93448   2369320   9269596     60.19  10742764    903448     72244
10:49:38 PM   3494676  11906272     77.31     93448   2371492   9269596     60.19  10743064    905332     74416
10:49:39 PM   3491524  11909424     77.33     93468   2373556   9269596     60.19  10743308    907148     23740
10:49:40 PM   3489176  11911772     77.34     93468   2375896   9269596     60.19  10743624    909156     26020
10:49:41 PM   3486984  11913964     77.36     93472   2378144   9269596     60.19  10743944    911100     28268
10:49:42 PM   3485052  11915896     77.37     93472   2380304   9269596     60.19  10744284    912888     24576
10:49:43 PM   3483036  11917912     77.38     93472   2382724   9269596     60.19  10744628    914776     26888
10:49:44 PM   3481232  11919716     77.40     93480   2384344   9269596     60.19  10744876    916292     17628
10:49:45 PM   3479900  11921048     77.40     93480   2385944   9269596     60.19  10745144    917592     19272
10:49:46 PM   3477792  11923156     77.42     93480   2388152   9269596     60.19  10745440    919508     21480
10:49:47 PM   3475576  11925372     77.43     93480   2390264   9269596     60.19  10745752    921408     22568
10:49:48 PM   3472928  11928020     77.45     93480   2392636   9269596     60.19  10746084    923416     24788
10:49:49 PM   3471512  11929436     77.46     93496   2394548   9269596     60.19  10746280    925300     16784
10:49:50 PM   3468872  11932076     77.48     93496   2396864   9269596     60.19  10746708    927024     19028
10:49:51 PM   3466764  11934184     77.49     93500   2398912   9269596     60.19  10747028    928764     21076
10:49:52 PM   3464408  11936540     77.51     93500   2401284   9269596     60.19  10747384    930816     19648
10:49:53 PM  12592844   2808104     18.23     93536   2441148     76872      0.50   1621820    943712     59420
10:49:54 PM  12561740   2839208     18.44     93592   2458604     86148      0.56   1645180    945672     49464
10:49:55 PM  12537204   2863744     18.59     93600   2458692    101196      0.66   1683300    937024     12348
10:49:56 PM  12515172   2885776     18.74     93600   2458692    116280      0.76   1715580    927048     12348
10:49:57 PM  12484864   2916084     18.93     93604   2458752    148516      0.96   1754580    918852      2760
10:49:58 PM  12462668   2938280     19.08     93604   2458776    148516      0.96   1787100    908448      2784
10:49:59 PM  12426196   2974752     19.32     93616   2458788    180608      1.17   1828440    903168      2808
10:50:00 PM  12426188   2974760     19.32     93624   2458816    180608      1.17   1828732    903120      2848
10:50:01 PM  12426064   2974884     19.32     93624   2458848    180608      1.17   1828732    903124      2868
10:50:02 PM  12426048   2974900     19.32     93624   2458872    180608      1.17   1828756    903148       848
10:50:03 PM  12343892   3057056     19.85     93624   2458948    275164      1.79   1910940    903128       924
10:50:04 PM  12343768   3057180     19.85     93636   2459224    275164      1.79   1911240    903152       916
10:50:05 PM  12343660   3057288     19.85     93644   2459456    275164      1.79   1911400    903172      1112
10:50:06 PM  12343124   3057824     19.85     93644   2459600    275164      1.79   1911572    903172      1256
10:50:07 PM  12343148   3057800     19.85     93644   2459752    275164      1.79   1911700    903200      1408
10:50:08 PM  12343148   3057800     19.85     93644   2459836    275164      1.79   1911756    903200      1492
10:50:09 PM  12343248   3057700     19.85     93652   2459936    275164      1.79   1911904    903232       664
10:50:10 PM  12343248   3057700     19.85     93656   2459980    275164      1.79   1911904    903232       720
10:50:11 PM  12343124   3057824     19.85     93656   2460076    275164      1.79   1911972    903252       812
10:50:12 PM  12390212   3010736     19.55     93660   2461916    225976      1.47   1864684    903252      2652
10:50:13 PM  12543024   2857924     18.56     93668   2470644   1247956      8.10   1706020    903168     11380
10:50:14 PM  12460964   2939984     19.09     93668   2470596   1247956      8.10   1782940    903164     11332
10:50:15 PM  12456220   2944728     19.12     93680   2470632   1247956      8.10   1786984    902968      1016
10:50:16 PM  12453192   2947756     19.14     93680   2470640   1247956      8.10   1788172    902976       892
10:50:17 PM  12452428   2948520     19.15     93680   2470684   1247956      8.10   1799048    902996        84
10:50:18 PM  12451796   2949152     19.15     93680   2470684   1247956      8.10   1799440    902996        84
10:50:19 PM  12451668   2949280     19.15     93680   2470732   1247956      8.10   1800096    903008       136
10:50:20 PM  12451160   2949788     19.15     93688   2470724   1247956      8.10   1800684    903008       136
10:50:21 PM  12450692   2950256     19.16     93688   2470776   1247956      8.10   1801124    903040       188
10:50:22 PM  12449332   2951616     19.17     93688   2470776   1247956      8.10   1802328    903040       188
10:50:23 PM  12557236   2843712     18.46     93688   2473028     84468      0.55   1694744    904688      2440
10:50:24 PM  12083064   3317884     21.54     93688   2473320    546904      3.55   2170948    902808      2732
10:50:25 PM  12145772   3255176     21.14     93692   2473440    494576      3.21   2107900    903068      2860
10:50:26 PM  12144480   3256468     21.14     93692   2473440    494576      3.21   2109188    902932      2860
10:50:27 PM  12143128   3257820     21.15     93692   2473484    494576      3.21   2110820    902956      2904
10:50:28 PM  12142908   3258040     21.15     93704   2473472    494576      3.21   2111516    902956       412
10:50:29 PM  12141032   3259916     21.17     93704   2473520    494576      3.21   2113692    902980       460
10:50:30 PM  12140412   3260536     21.17     93708   2473532    494576      3.21   2114424    902984       392
10:50:31 PM  12139544   3261404     21.18     93708   2473576    494576      3.21   2115060    903012       436
10:50:32 PM  12138552   3262396     21.18     93708   2473576    494576      3.21   2116012    903012       436
10:50:33 PM  12135080   3265868     21.21     93708   2473624    494576      3.21   2118648    903032       484
10:50:34 PM  12134880   3266068     21.21     93708   2473624    494576      3.21   2119040    903032       484
10:50:35 PM  12134352   3266596     21.21     93712   2473664    494576      3.21   2119788    903056       528
10:50:36 PM  12132704   3268244     21.22     93712   2473668    494576      3.21   2121180    903056       528
10:50:37 PM  12131724   3269224     21.23     93712   2473716    494576      3.21   2122056    903080       576
10:50:38 PM  12125556   3275392     21.27     93712   2473736    494576      3.21   2128292    903104       596
10:50:39 PM  12125556   3275392     21.27     93712   2473760    494576      3.21   2128292    903104       620
10:50:40 PM  12125308   3275640     21.27     93716   2473784    494576      3.21   2128508    903132       644
10:50:41 PM  12125276   3275672     21.27     93716   2473804    494576      3.21   2128508    903132       664
10:50:42 PM  12125292   3275656     21.27     93716   2473828    494576      3.21   2128536    903152       688
10:50:43 PM  12125136   3275812     21.27     93716   2473852    494576      3.21   2128656    903152       712
10:50:44 PM  12125168   3275780     21.27     93716   2473872    494576      3.21   2128680    903176       636
10:50:45 PM  12124980   3275968     21.27     93716   2473896    494576      3.21   2128680    903176       660
10:50:46 PM  12125168   3275780     21.27     93716   2473920    494576      3.21   2128704    903200       684
10:50:47 PM  12125044   3275904     21.27     93716   2473944    494576      3.21   2128768    903216         0
10:50:48 PM  12125060   3275888     21.27     93716   2473964    494576      3.21   2128780    903224        24
10:50:49 PM  12125060   3275888     21.27     93716   2473988    494576      3.21   2128780    903224        48
10:50:50 PM  12125060   3275888     21.27     93720   2473988    494576      3.21   2128780    903224        56
10:50:51 PM  12525768   2875180     18.67     93720   2474188    101152      0.66   1729264    903264       256
10:50:52 PM  12525008   2875940     18.67     93720   2474212    101152      0.66   1730276    903264       280
10:50:53 PM  12524092   2876856     18.68     93720   2474236    101152      0.66   1731092    903276       184
10:50:54 PM  12522356   2878592     18.69     93720   2474236    101152      0.66   1732772    903276       184
10:50:55 PM  12521984   2878964     18.69     93728   2474280    101152      0.66   1733296    903304       244
10:50:56 PM  12523488   2877460     18.68     93756   2487776    977688      6.35   1727608    903056     13756
10:50:57 PM  12523356   2877592     18.68     93756   2487808    977688      6.35   1727532    903072     13640
10:50:58 PM  12106256   3294692     21.39     93824   2515000    520068      3.38   2132152    916468     40812
10:50:59 PM  12244356   3156592     20.50     93864   2515036    916204      5.95   1960768    915872     40856
10:51:00 PM  11998436   3402512     22.09     93896   2515064    895836      5.82   2229700    915880     40948
10:51:01 PM  12106960   3293988     21.39     93940   2515116    510148      3.31   2137540    909852       392
10:51:02 PM  12021320   3379628     21.94     93948   2515036    588712      3.82   2224576    909752       308
10:51:03 PM  12448668   2952280     19.17     93948   2515168    532028      3.45   1775332    909708       568
10:51:04 PM  12447564   2953384     19.18     93960   2515200    274820      1.78   1799432    909652       572
10:51:05 PM  12453936   2947012     19.14     93972   2515348    241992      1.57   1792100    909696       748
10:51:06 PM  12417144   2983804     19.37     93992   2515624   1383092      8.98   1812732    909752       696
10:51:07 PM  12329720   3071228     19.94     93992   2515676   1383092      8.98   1914296    909728       748
10:51:08 PM  12182200   3218748     20.90     93996   2515644    552224      3.59   2046200    909680       776
10:51:09 PM  12046524   3354424     21.78     93996   2516180   1726680     11.21   2196512    909628      1416
10:51:10 PM  12100396   3300552     21.43     94000   2516164    495708      3.22   2144656    909468      1372
10:51:11 PM  11704168   3696780     24.00     94012   2516184    914304      5.94   2540208    909284       632
10:51:12 PM  12067992   3332956     21.64     94024   2517720   1744512     11.33   2176120    909828      2272
10:51:13 PM  11860488   3540460     22.99     94024   2517744   1744512     11.33   2373816    909672      2296
10:51:14 PM  11778200   3622748     23.52     94024   2517768   1744512     11.33   2467728    909404      2320
10:51:15 PM  12085320   3315628     21.53     94028   2516296    629604      4.09   2161196    909380       916
10:51:16 PM  12064772   3336176     21.66     94056   2517008   1736932     11.28   2173032    909532      1624
10:51:17 PM  12041624   3359324     21.81     94068   2517040   1734788     11.26   2201756    909424       984
10:51:18 PM  12097792   3303156     21.45     94068   2516372    497756      3.23   2148460    909108      1004
10:51:19 PM  12096912   3304036     21.45     94068   2516700    521088      3.38   2148444    909284      1328
10:51:20 PM  12364380   3036568     19.72     94068   2517420   1338424      8.69   1876428    909348      2048
10:51:21 PM  12161716   3239232     21.03     94068   2517444   1338424      8.69   2078056    909156      2072
10:51:22 PM  12471664   2929284     19.02     94080   2516440    250116      1.62   1775192    909040       468
10:51:23 PM  12061400   3339548     21.68     94112   2530868    538692      3.50   2184004    908924     14924
10:51:24 PM  12437732   2963216     19.24     94116   2532100   1366976      8.88   1808912    909352     16056
10:51:25 PM  12248052   3152896     20.47     94120   2532052   1366976      8.88   1995244    909208     16008
10:51:26 PM  12083652   3317296     21.54     94120   2532136   1415944      9.19   2143040    908916     16092
10:51:27 PM  12066792   3334156     21.65     94128   2537164   1415944      9.19   2172192    913872      1472
10:51:28 PM  12086616   3314332     21.52     94132   2532600   2574464     16.72   2150408    913996      1572
10:51:29 PM  11937956   3462992     22.49     94132   2532620   2849456     18.50   2264024    913868      1228
10:51:30 PM  11801236   3599712     23.37     94136   2532644   2802164     18.19   2435812    913228      1276
10:51:31 PM  11534128   3866820     25.11     94136   2532668   3595256     23.34   2706536    912368      1300
10:51:32 PM  11504484   3896464     25.30     94148   2532688   3595256     23.34   2724508    911156       392
10:51:33 PM  11257788   4143160     26.90     94148   2532712   4070384     26.43   2974132    910156       416
10:51:34 PM  11236008   4164940     27.04     94148   2532736   4070384     26.43   2997072    909044       440
10:51:35 PM  11858276   3542672     23.00     94152   2517308   2095872     13.61   2386772    908220       544
10:51:36 PM  11348152   4052796     26.32     94152   2517384   2493840     16.19   2869936    908132       612
10:51:37 PM  11623824   3777124     24.53     94152   2517396   2085784     13.54   2592596    908124       624
10:51:38 PM  11468180   3932768     25.54     94156   2520448   3334876     21.65   2758096    909256      3676
10:51:39 PM  11149256   4251692     27.61     94156   2520500   3334876     21.65   3084560    909084      3728
10:51:40 PM  11047520   4353428     28.27     94176   2520488   3914676     25.42   3178908    908580       664
10:51:41 PM  11036064   4364884     28.34     94176   2520548   3914676     25.42   3204332    908280       676
10:51:42 PM  10876316   4524632     29.38     94176   2520572   3914676     25.42   3355672    908296       700
10:51:43 PM  10763576   4637372     30.11     94176   2520592   4440504     28.83   3475996    908264       720
10:51:44 PM  11846252   3554696     23.08     94176   2519284   2267612     14.72   2400584    908220       716
10:51:45 PM  11307392   4093556     26.58     94184   2519328   2396916     15.56   2927984    907644       760
10:51:46 PM  10917836   4483112     29.11     94184   2519468   2787592     18.10   3327172    907576       900
10:51:47 PM  11290716   4110232     26.69     94184   2521784   2391948     15.53   2953656    907608      3216
10:51:48 PM  11210860   4190088     27.21     94184   2521964   3635320     23.60   3034512    908396      3396
10:51:49 PM  10979592   4421356     28.71     94196   2521988   3635320     23.60   3254336    908156       900
10:51:50 PM  10959964   4440984     28.84     94196   2522008   3635320     23.60   3284664    907712       924
10:51:51 PM  10890680   4510268     29.29     94196   2522032   3635320     23.60   3336324    907728       948
10:51:52 PM  11145012   4255936     27.63     94196   2519504   2407104     15.63   3074980    907236      1036
10:51:53 PM  11097828   4303120     27.94     94196   2520060   2429608     15.78   3138680    907100      1528
10:51:54 PM  11059220   4341728     28.19     94196   2521584   3637420     23.62   3175932    907828      3052
10:51:55 PM  10814552   4586396     29.78     94200   2521608   3637420     23.62   3421712    907620      3080
10:51:56 PM  11096720   4304228     27.95     94200   2521628   2404628     15.61   3139660    907264      3100
10:51:57 PM  11092500   4308448     27.98     94212   2519684   2396848     15.56   3148268    904080       364
10:51:58 PM  11080840   4320108     28.05     94212   2519684   2411980     15.66   3159356    904080       364
10:51:59 PM  11070120   4330828     28.12     94212   2519728   2432744     15.80   3169540    904044       388
10:52:00 PM  11070128   4330820     28.12     94216   2519792   2432744     15.80   3169596    904044       456
10:52:01 PM  11070004   4330944     28.12     94216   2519872   2432744     15.80   3169672    904072       540
10:52:02 PM  10699448   4701500     30.53     94224   2520188   2806692     18.22   3539196    904104       668
10:52:03 PM  10699028   4701920     30.53     94224   2520200   2806692     18.22   3539948    904104       684
10:52:04 PM  10698684   4702264     30.53     94224   2520280   2806692     18.22   3540312    904116       716
10:52:05 PM  11091000   4309948     27.98     94224   2520324   2415236     15.68   3148928    904120       580
10:52:06 PM  11090256   4310692     27.99     94232   2520360   2415236     15.68   3149640    904144       620
10:52:07 PM  11071584   4329364     28.11     94240   2531176   2415256     15.68   3166824    905164      7660
10:52:08 PM  11043680   4357268     28.29     94248   2531312   2465844     16.01   3187832    905288      7644
10:52:09 PM  11042292   4358656     28.30     94260   2531512   3641008     23.64   3192372    908244      7844
10:52:10 PM  11012632   4388316     28.49     94260   2531540   3622092     23.52   3221372    908044      7872
10:52:11 PM  12170276   3230672     20.98     94264   2528376   1614644     10.48   2070520    907412      7936
10:52:12 PM  11757208   3643740     23.66     94276   2528460   2016536     13.09   2489420    906912       352
10:52:13 PM  11956764   3444184     22.36     94276   2530084   2846708     18.48   2289456    906756      1944
10:52:14 PM  11750920   3650028     23.70     94276   2530108   3375228     21.92   2497748    905324      1968
10:52:15 PM  11533524   3867424     25.11     94276   2530132   3650220     23.70   2712996    905068      1992
10:52:16 PM  11526216   3874732     25.16     94284   2530160   3650220     23.70   2722044    904920      2024
10:52:17 PM  11841948   3559000     23.11     94284   2528540   2225580     14.45   2406088    904916       484
10:52:18 PM  11556252   3844696     24.96     94296   2528568   2230992     14.49   2680536    904936       516
10:52:19 PM  11304292   4096656     26.60     94296   2528592   2486664     16.15   2943680    904936       540
10:52:20 PM  11288972   4111976     26.70     94296   2528684   3623828     23.53   2953380    904968       628
10:52:21 PM  11316812   4084136     26.52     94312   2528708   2397456     15.57   2931060    904984       660
10:52:22 PM  11318752   4082196     26.51     94316   2528736   2381980     15.47   2929124    904996       688
10:52:23 PM  11281340   4119608     26.75     94328   2528784   3630880     23.58   2953736    905028       724
10:52:24 PM  11316524   4084424     26.52     94328   2528808   2405096     15.62   2931224    905028       760
10:52:25 PM  11300332   4100616     26.63     94332   2528740   2780284     18.05   2939568    905000       700
10:52:26 PM  11321592   4079356     26.49     94352   2528764   2389708     15.52   2925972    905012       728
10:52:27 PM  11283860   4117088     26.73     94360   2528864   2487828     16.15   2954324    905040       816
10:52:28 PM  12482128   2918820     18.95     94372   2528900   1346232      8.74   1768712    905064       796
10:52:29 PM  12303828   3097120     20.11     94372   2528832   1346232      8.74   1941096    904840       780
10:52:30 PM  12170828   3230120     20.97     94372   2528856   1609424     10.45   2071868    904280       804
10:52:31 PM  12161364   3239584     21.03     94372   2528856   1609424     10.45   2089140    904112       804
10:52:32 PM  12146232   3254716     21.13     94372   2528900   1609424     10.45   2094656    904112       848
10:52:33 PM  12523200   2877748     18.69     94384   2517316     48920      0.32   1728444    904020       864
10:52:34 PM  12523368   2877580     18.68     94384   2517372     48920      0.32   1728304    904052       960
10:52:35 PM  12523644   2877304     18.68     94384   2517380     48920      0.32   1728180    904052       848
10:52:36 PM  12523628   2877320     18.68     94384   2517428     48920      0.32   1728204    904072       896
10:52:37 PM  12523628   2877320     18.68     94384   2517448     48920      0.32   1728216    904092       916
10:52:38 PM  12523628   2877320     18.68     94384   2517472     48920      0.32   1728228    904100       948
10:52:39 PM  12523644   2877304     18.68     94384   2517472     48920      0.32   1728228    904100       776
10:52:40 PM  12523520   2877428     18.68     94384   2517520     48920      0.32   1728252    904124       824
10:52:41 PM  12523644   2877304     18.68     94384   2517520     48920      0.32   1728252    904124       824
10:52:42 PM  12523612   2877336     18.68     94384   2517564     48920      0.32   1728272    904148        64
10:52:43 PM  12523612   2877336     18.68     94384   2517564     48920      0.32   1728272    904148        64
10:52:44 PM  12523364   2877584     18.68     94384   2517608     48920      0.32   1728296    904172        64
10:52:45 PM  12523396   2877552     18.68     94384   2517608     48920      0.32   1728296    904172        64
10:52:46 PM  12523396   2877552     18.68     94384   2517656     48920      0.32   1728316    904196       112
10:52:47 PM  12523520   2877428     18.68     94384   2517680     48920      0.32   1728340    904196       136
10:52:48 PM  12523520   2877428     18.68     94388   2517696     48920      0.32   1728348    904212       156
10:52:49 PM  12523240   2877708     18.69     94388   2517724     48920      0.32   1728360    904220       180
10:52:50 PM  12523240   2877708     18.69     94388   2517748     48920      0.32   1728372    904232       204
10:52:51 PM  12523364   2877584     18.68     94388   2517748     48920      0.32   1728372    904232       204
10:52:52 PM  12523348   2877600     18.68     94388   2517792     48920      0.32   1728392    904256       248
10:52:53 PM  12523380   2877568     18.68     94388   2517792     48920      0.32   1728392    904256       248
10:52:54 PM  12523380   2877568     18.68     94388   2517840     48920      0.32   1728416    904280       296
10:52:55 PM  12523380   2877568     18.68     94388   2517840     48920      0.32   1728416    904280       296
10:52:56 PM  12523240   2877708     18.69     94388   2517884     48920      0.32   1728436    904304       340
10:52:57 PM  12523380   2877568     18.68     94388   2517884     48920      0.32   1728448    904296       340
10:52:58 PM  12523240   2877708     18.69     94388   2517928     48920      0.32   1728468    904324       384
10:52:59 PM  12523364   2877584     18.68     94388   2517928     48920      0.32   1728468    904324       384
10:53:00 PM  12523208   2877740     18.69     94388   2517976     48920      0.32   1728492    904344       432
10:53:01 PM  12523192   2877756     18.69     94388   2517996     48920      0.32   1728512    904368       452
10:53:02 PM  12523192   2877756     18.69     94388   2518020     48920      0.32   1728512    904368       476
10:53:03 PM  12523284   2877664     18.68     94392   2518044     48920      0.32   1728536    904396       500
10:53:04 PM  12523284   2877664     18.68     94392   2518068     48920      0.32   1728536    904396       524
Average:     11891968   3508980     22.78     85418   2155268   1292867      8.39   2372855    902713    128955
